4.2228956248
2.3396384219
1.9452885409
2.2615879073
2.1505611759
2.3719235423
2.3516379631
2.5222937342
2.6107002964
2.7455921617
2.7700991106
2.8103852570
2.4962745786
2.6689760583
2.6019110697
2.7199258750
2.8696501202
2.7906862408
2.6502658030
2.7583451608
2.6454862550
2.5118829288
2.4966808590
2.6224149371
2.5715538697
2.4600339825
2.5007799632
2.2925061447
2.2222352198
2.1541567739
1.9654307636
2.0407506053
2.0913282165
2.1378851504
2.0014921274
1.9076287678
1.9192676768
1.8265936475
1.9170625079
1.8568481885
2.0078002115
1.8910258288
1.9138311937
1.9623418999
1.9521381153
2.0051630562
1.9754129186
2.0443732574
2.1299074927
2.1598119607
2.2547617654
2.3042572169
2.3248837059
2.4423758233
2.3899854561
2.3176890480
2.2558234079
2.1962654179
2.1884211964
2.1502078806
2.2001976822
2.3360965090
2.4872329326
2.5411392763
2.6204122294
2.6849628403
2.6339701769
2.7493998241
2.6679596617
2.3485403910
2.4196325869
2.3845029385
2.2181422446
2.2235552478
2.1391869455
1.9039229628
1.8430597274
1.8553355415
1.8466153918
1.7877853777
1.8545339251
1.9012309069
1.8018567507
2.0437984505
2.2154112350
2.5038838443
2.5265068540
2.5188821849
2.5940761016
2.6010347768
2.6072154990
2.6509707047
2.6993045848
2.7038652257
2.8014613542
2.8209897252
2.7337630036
2.8441950733
2.6630553202
2.6547220528
2.6253444961
2.6629444968
2.6806292022
2.6396742060
2.5128454932
2.5958150749
2.6681949653
2.6314527438
2.7505043481
2.6346471907
2.6015171851
2.6030555369
2.5880173888
2.5964470147
2.6464839900
2.7027041072
2.7190925501
2.6677189792
2.5461416680
2.7206674205
2.5825028257
2.5867750736
2.5759748905
2.7272908622
2.6726705166
2.8264836864
2.7440902068
2.7215164159
2.6865625179
2.7676787221
2.6499648466
2.6352264156
2.6400479649
2.6881438161
2.6662499371
2.7932459446
2.5816910661
2.6372563045
2.6696431029
2.6856885434
2.5812242362
2.6189987547
2.5863513945
2.6051249437
2.4941014502
2.5589921575
2.4081238098
2.6033847407
2.4964715999
2.5148847837
2.5034475299
2.4611173496
2.4462216587
2.4308505544
2.5146803529
2.4853884053
2.4822433169
2.6921394061
2.4963744907
2.5496461394
2.3726685569
2.3734090744
2.4275478846
2.4318563345
2.4642323802
2.5428126291
2.5203373373
2.4558736121
2.4285959559
2.5282356292
2.4550566341
2.5679102406
2.6317591661
2.6569153819
2.6716817824
2.5710966414
2.5702277047
2.5754965185
2.5943094513
2.6264327298
2.5937951544
2.7046662087
2.6920856373
2.6634391020
2.7022235127
2.7460166691
2.7627036799
2.7860372372
2.7692754275
2.7648018459
2.7520017770
2.8208491412
2.7939694404
2.8024559017
2.9698997567
2.8620505221
2.8396636198
2.8208570644
2.8772110223
2.8869577586
