0.0146561443
0.0963624745
0.1429459716
0.1041849173
0.1164188080
0.0933010850
0.0952130789
0.0802752653
0.0734830658
0.0642102668
0.0626557946
0.0601818025
0.0823913702
0.0693231719
0.0741317718
0.0658796376
0.0567187679
0.0613790786
0.0706324363
0.0633965928
0.0709708354
0.0811153609
0.0823579030
0.0726272606
0.0764167115
0.0854320477
0.0820210003
0.1010129912
0.1083666147
0.1160009644
0.1400955256
0.1299311473
0.1235229616
0.1179039286
0.1351334963
0.1484319362
0.1467143651
0.1609609247
0.1470382521
0.1561640552
0.1342837458
0.1509169145
0.1475141473
0.1405289306
0.1419701982
0.1346383403
0.1387040269
0.1294613035
0.1188482877
0.1153468087
0.1048985312
0.0998329273
0.0977948164
0.0869540185
0.0916310165
0.0985009538
0.1047872256
0.1112177355
0.1120935827
0.1164599455
0.1107812567
0.0967043871
0.0831397017
0.0787766003
0.0727728575
0.0682237291
0.0717928653
0.0639662407
0.0693936675
0.0955084655
0.0889542944
0.0921347648
0.1088110655
0.1082236621
0.1177505417
0.1489830165
0.1583322307
0.1564004550
0.1577702541
0.1673303331
0.1565258785
0.1493846274
0.1649922542
0.1295357401
0.1091086357
0.0817668116
0.0799377674
0.0805495960
0.0747148732
0.0741967614
0.0737395861
0.0705826649
0.0672522647
0.0669462496
0.0607212625
0.0595469784
0.0649743304
0.0581810794
0.0697348337
0.0703183807
0.0724148061
0.0697425624
0.0685200276
0.0713845224
0.0810373197
0.0745850589
0.0693773409
0.0719738267
0.0638956274
0.0717442770
0.0741609769
0.0740469789
0.0751689232
0.0745379405
0.0709000607
0.0670240273
0.0659345596
0.0694103714
0.0783835129
0.0658308029
0.0755845920
0.0752623647
0.0760796173
0.0653962173
0.0690675328
0.0592207266
0.0643067802
0.0657749366
0.0681146804
0.0628076296
0.0706536967
0.0717027330
0.0713578468
0.0680070559
0.0695124131
0.0612221673
0.0756459735
0.0715573320
0.0692769456
0.0681742369
0.0756812955
0.0728757929
0.0752942586
0.0738939040
0.0825706119
0.0773826907
0.0899839633
0.0740226064
0.0823751389
0.0808722295
0.0818024954
0.0853395436
0.0866202499
0.0879619843
0.0808887639
0.0832931967
0.0835555736
0.0677358697
0.0823831387
0.0781093009
0.0932316002
0.0931625861
0.0882529739
0.0878735584
0.0850741219
0.0786448895
0.0804324693
0.0857882171
0.0881605270
0.0797996924
0.0858583328
0.0766956535
0.0719517757
0.0701643184
0.0691358560
0.0764516594
0.0765181199
0.0761160204
0.0746974405
0.0723360448
0.0747358670
0.0668926483
0.0677395119
0.0697080759
0.0670562464
0.0641830149
0.0631208788
0.0616650945
0.0627074244
0.0629885796
0.0638000199
0.0595553503
0.0611778893
0.0606609023
0.0513084534
0.0571514497
0.0584453225
0.0595548785
0.0562915400
0.0557455463
