0.0144444444
0.0878928974
0.1250680042
0.0943545920
0.1042787950
0.0853388753
0.0869356664
0.0743100096
0.0684529343
0.0603360716
0.0589615141
0.0567655494
0.0761197589
0.0648290187
0.0690155284
0.0618077644
0.0536744208
0.0578295539
0.0659726288
0.0596170734
0.0662677573
0.0750293297
0.0760911920
0.0677096912
0.0709917550
0.0787078730
0.0758035198
0.0917455035
0.0977714533
0.1039434267
0.1228805152
0.1149903227
0.1099425342
0.1054687488
0.1190463472
0.1292474822
0.1279432521
0.1386445670
0.1281894931
0.1350708444
0.1183863794
0.1311275493
0.1285510490
0.1232138237
0.1243204056
0.1186618991
0.1218086734
0.1146221682
0.1062237740
0.1034178857
0.0949395155
0.0907709934
0.0890829642
0.0799978812
0.0839395502
0.0896685191
0.0948483320
0.1000863575
0.1007950990
0.1043117991
0.0997327386
0.0881772593
0.0767580596
0.0730240166
0.0678362218
0.0638665172
0.0669838992
0.0601205548
0.0648906662
0.0871818599
0.0816878127
0.0843620841
0.0981330985
0.0976550725
0.1053459939
0.1296651163
0.1366898257
0.1352476595
0.1362707788
0.1433444573
0.1353414406
0.1299692234
0.1416251941
0.1146805148
0.0983750664
0.0755863562
0.0740207166
0.0745450244
0.0695206468
0.0690718536
0.0686754843
0.0659292058
0.0630144034
0.0627456628
0.0572452581
0.0562004136
0.0610102315
0.0549821581
0.0651888968
0.0656985641
0.0675249966
0.0651956506
0.0641261051
0.0666282935
0.0749625552
0.0694082411
0.0648763895
0.0671414030
0.0600581728
0.0669416003
0.0690408407
0.0689420299
0.0699135936
0.0693674348
0.0662060478
0.0628139813
0.0618561046
0.0649052723
0.0726861195
0.0617647780
0.0702730335
0.0699944192
0.0707007327
0.0613820626
0.0646053974
0.0559097128
0.0604212821
0.0617155971
0.0637709430
0.0590959529
0.0659911762
0.0669054307
0.0666050536
0.0636765979
0.0649944893
0.0576902454
0.0703260881
0.0667788179
0.0647885900
0.0638231429
0.0703566157
0.0679256568
0.0700220037
0.0688093151
0.0762727262
0.0718247020
0.0825553094
0.0689209016
0.0761059045
0.0748212668
0.0756168485
0.0786293507
0.0797152914
0.0808502370
0.0748354194
0.0768888764
0.0771124025
0.0634387882
0.0761127328
0.0724502616
0.0852807403
0.0852229918
0.0810960099
0.0807755255
0.0784039728
0.0729108257
0.0744446984
0.0790100829
0.0810179425
0.0739023107
0.0790695528
0.0712324353
0.0671222133
0.0655640608
0.0646651739
0.0710219160
0.0710792680
0.0707321692
0.0695055535
0.0674565078
0.0695388228
0.0626985746
0.0634419829
0.0651655133
0.0628422791
0.0603120083
0.0593731908
0.0580833776
0.0590072328
0.0592561207
0.0599736968
0.0562078709
0.0576509273
0.0571916078
0.0488043763
0.0540617427
0.0552180838
0.0562074506
0.0532916698
0.0528020663
