4.1622740666
2.1259597755
2.1847054874
2.4012214895
2.4631526958
2.4356044149
2.4620810998
2.3895059185
2.4173947784
2.5150588114
2.5269072261
2.7114923105
2.4889863778
2.5482918293
2.5328674815
2.7860391278
2.8817061850
3.1332618444
2.9838598186
2.9911371628
3.1258043673
3.0390618021
3.0345842960
3.0317875601
2.8808871630
2.7667781593
2.8371541003
2.7106101227
2.7330797136
2.7800988238
2.6538154453
2.5599814957
2.6638594519
2.8132488100
2.9360081939
2.7628440082
2.9505952881
2.8287789331
2.6878821071
2.7707106268
2.8085991317
2.6642562785
2.6973518245
2.7141386995
2.5905398219
2.6970877646
2.4357221082
2.5091594353
2.4931930380
2.6306673980
2.4579682985
2.4693009762
2.5925388817
2.6126188786
2.5378293933
2.6069669303
2.6427937731
2.6270378217
2.6398308342
2.7618443821
2.7275539713
2.6392034603
2.5081061380
2.6336721849
2.5046775383
2.5149388058
2.5374413055
2.4314241782
2.5045787024
2.4144953619
2.3569493198
2.5386385980
2.7199644537
2.8217270774
2.8336796703
2.7924091522
2.8324875054
2.7643493330
2.8067073469
2.7294176542
2.7898420172
2.7907076246
2.9094929122
2.8502516536
2.8425956861
2.9696475538
2.8766419428
2.8254421290
2.8941667195
2.9040977125
2.9471624146
2.8816252057
2.8003390064
2.8365499816
2.6584598894
2.9430719042
2.7824509017
2.7441081350
2.7902946136
2.7277390769
2.6047304310
2.5656496288
2.5431684195
2.5656644632
2.5325329369
2.5021859383
2.5378238879
2.4102955318
2.3258017485
2.3614244397
2.4567307784
2.4094614769
2.4468957262
2.3491386456
2.3719548737
2.3347775673
2.1962324517
2.2693360809
2.2362382646
2.2297119534
2.2313994142
2.2598729300
2.1003772397
2.1085159479
2.1758677842
2.1581059425
2.2512372581
2.0897621817
2.1050543493
2.0624657131
2.0964482014
2.1597758682
2.0980592896
2.1457423227
1.9839073079
2.0327312658
1.9929500457
2.0209052838
1.9778668750
1.9277906370
1.9541128049
1.9712697678
1.9022727533
2.0636338316
2.0432580250
2.0662715545
2.1082899874
2.0600477347
2.1190149865
2.1212340164
2.2003328882
2.3074399641
2.5142795878
2.4365301537
2.5975382450
2.6798052867
2.6745947592
2.6740132030
2.6384632937
2.6605792075
2.6360173738
2.6861824505
2.6376405372
2.6153490689
2.6997220218
2.6025372107
2.6263305867
2.6175366865
2.6578602476
2.6163628714
2.6294220280
2.5826263424
2.5776290493
2.5836838036
2.5869586638
2.6649665653
2.5947312746
2.6197218853
2.6427270821
2.6361859457
2.6020965681
2.5610156424
2.6140746509
2.6232409011
2.5593796123
2.6078591175
2.6099676114
2.5602484726
2.5329090026
2.6157301988
2.6218358589
2.5969903851
2.5792614182
2.5982062435
2.6003628668
2.6866173901
2.5962921100
2.6652586332
2.6702861393
2.6598034912
