0.0155721056
0.1193183944
0.1125108646
0.0906072099
0.0851660247
0.0875448177
0.0852573372
0.0916749676
0.0891535800
0.0808581567
0.0799057690
0.0664375872
0.0829940486
0.0782151568
0.0794309267
0.0616649779
0.0560390682
0.0435754289
0.0505971606
0.0502302842
0.0439016064
0.0478797891
0.0480946519
0.0482293482
0.0560849842
0.0628642173
0.0585921764
0.0664962235
0.0650187419
0.0620323768
0.0703821608
0.0773061709
0.0696787802
0.0600097152
0.0530771802
0.0631120218
0.0523085580
0.0590849563
0.0680248563
0.0626174913
0.0602893908
0.0696511353
0.0673837206
0.0662619999
0.0749795536
0.0674015163
0.0875345148
0.0813365792
0.0826456541
0.0720303733
0.0856087057
0.0846440065
0.0748298147
0.0733422177
0.0790377737
0.0737579177
0.0711621806
0.0722922880
0.0713733425
0.0631751417
0.0653790132
0.0714181343
0.0814222959
0.0718142622
0.0817019395
0.0808678607
0.0790684532
0.0879115417
0.0817100150
0.0894124485
0.0947087089
0.0789738418
0.0658770961
0.0595030875
0.0587961049
0.0612734190
0.0588662413
0.0630170892
0.0604035533
0.0652572809
0.0614309182
0.0613777661
0.0545033609
0.0578297660
0.0582742079
0.0513213952
0.0563235834
0.0592824405
0.0553451239
0.0547982120
0.0524884353
0.0560436064
0.0607894511
0.0586275837
0.0700560327
0.0527035795
0.0618866433
0.0643056273
0.0614031211
0.0653669123
0.0739230619
0.0768692288
0.0786169134
0.0768680885
0.0794575043
0.0819057619
0.0790382088
0.0897887552
0.0977050777
0.0942858230
0.0857147138
0.0898636752
0.0865618816
0.0954513442
0.0932981618
0.0968320187
0.1112214020
0.1033807938
0.1068597273
0.1075594078
0.1073780586
0.1043637454
0.1224102415
0.1214180235
0.1135096091
0.1155437604
0.1052688992
0.1237165544
0.1218390522
0.1271400921
0.1228921422
0.1153509720
0.1226943115
0.1169811670
0.1375308109
0.1309772983
0.1362927619
0.1325354286
0.1383640706
0.1454692381
0.1416901277
0.1392798908
0.1492290726
0.1269916641
0.1296057635
0.1266571367
0.1214454622
0.1274478861
0.1201499195
0.1198835989
0.1107662794
0.0995156895
0.0809211878
0.0874638115
0.0744566468
0.0685765056
0.0689347579
0.0689748590
0.0714710152
0.0699077189
0.0716460415
0.0681405735
0.0715298426
0.0731422526
0.0672241970
0.0740853694
0.0723434338
0.0729824202
0.0700980539
0.0730681383
0.0721201336
0.0755752566
0.0759538736
0.0754953810
0.0752485486
0.0696016806
0.0746659380
0.0728231132
0.0711669266
0.0716339650
0.0741180217
0.0772262663
0.0732355258
0.0725672979
0.0773527142
0.0736921412
0.0735369255
0.0772855347
0.0794276287
0.0731143812
0.0726693297
0.0744974498
0.0758299900
0.0744069265
0.0742466317
0.0681109429
0.0745494877
0.0695813552
0.0692324124
0.0699619685
