0.0153333333
0.1065991545
0.1011323738
0.0830795992
0.0784820228
0.0804976643
0.0785595584
0.0839764310
0.0818558389
0.0748092210
0.0739932791
0.0622986174
0.0766338916
0.0725413256
0.0735859282
0.0580832741
0.0530653362
0.0417558978
0.0481603820
0.0478278764
0.0420553107
0.0456920628
0.0458876990
0.0460103013
0.0531065066
0.0591460473
0.0553491493
0.0623501725
0.0610493875
0.0584091202
0.0657542356
0.0717587748
0.0651399107
0.0566124200
0.0504019850
0.0593653542
0.0497083841
0.0557886843
0.0636922033
0.0589275932
0.0568612600
0.0651157494
0.0631297998
0.0621442009
0.0697497486
0.0631454193
0.0804889533
0.0752185589
0.0763367532
0.0671906086
0.0788577922
0.0780385140
0.0696201516
0.0683306931
0.0732483844
0.0686913843
0.0664345529
0.0674184538
0.0666185536
0.0594211991
0.0613669055
0.0666575747
0.0752918598
0.0670025253
0.0755309171
0.0748175273
0.0732747334
0.0808076193
0.0755378187
0.0820740103
0.0865149863
0.0731934721
0.0618055274
0.0561613158
0.0555310929
0.0577357520
0.0555936520
0.0592813510
0.0569627979
0.0612596432
0.0578755688
0.0578283888
0.0516862846
0.0546683104
0.0550653200
0.0488160856
0.0533203881
0.0559647156
0.0524426774
0.0519513699
0.0498707952
0.0530694055
0.0573058594
0.0553807445
0.0654694994
0.0500649760
0.0582798961
0.0604202643
0.0578508955
0.0613562441
0.0688345977
0.0713821388
0.0728867797
0.0713811555
0.0736087377
0.0757050796
0.0732487581
0.0823909724
0.0890084957
0.0861619707
0.0789477316
0.0824540511
0.0796658553
0.0871342618
0.0853364297
0.0882833625
0.1000893267
0.0936945743
0.0965431523
0.0971138948
0.0969660341
0.0945012419
0.1090601609
0.1082718673
0.1019385986
0.1035761792
0.0952427950
0.1100958724
0.1086065349
0.1127988375
0.1094425168
0.1034212323
0.1092855911
0.1047297577
0.1209029325
0.1158089544
0.1199451114
0.1170254150
0.1215464140
0.1269953249
0.1241055907
0.1222525666
0.1298514597
0.1126819906
0.1147353950
0.1124185278
0.1082936855
0.1130410440
0.1072623561
0.1070500532
0.0997205996
0.0905086580
0.0748631711
0.0804291698
0.0692970229
0.0641755693
0.0644892098
0.0645243042
0.0667036384
0.0653399519
0.0668560688
0.0637936384
0.0667548768
0.0681570895
0.0629897609
0.0689753082
0.0674629335
0.0680182814
0.0655061969
0.0680927294
0.0672687056
0.0702649640
0.0705921280
0.0701959137
0.0699824693
0.0650725236
0.0694782773
0.0678798884
0.0664386893
0.0668455530
0.0690036106
0.0716899214
0.0682380745
0.0676575708
0.0717988763
0.0686343304
0.0684996703
0.0717409937
0.0735830977
0.0681328873
0.0677462547
0.0693323654
0.0704851052
0.0692539527
0.0691150705
0.0637676670
0.0693774354
0.0650547570
0.0647496387
0.0653873414
